Fire in front of the robot
1007, 979, 440, 45
996, 594, 640, 100
434, 992, 543, 120
979, 1002, 630, 120
168, 984, 990, 128
112, 607, 1004, 308
117, 555, 996, 288
120, 960, 992, 993
64, 512, 722, 1002



Assuming fire and obstacle must have a gap
986, 230, 286, 31
348, 407, 254, 45
292, 502, 442, 68
63, 974, 480, 23
60, 996, 968, 50
13, 987, 984, 60
104, 480, 985, 68
74, 440, 587, 300
13, 167, 276, 980
20, 189, 270, 986




Assuming fire and obstacle can have no gap
986, 505, 511, 112
871, 973, 486, 118
850, 979, 512, 120
248, 989, 512, 120
220, 986, 984, 91
405, 977, 995, 93
128, 276, 979, 831
131, 260, 945, 976
110, 265, 478, 991
106, 213, 657, 983



Fire in front of the robot (V2, in the dark)
989, 989
991, 991
986, 986
992, 370
992, 982
988, 988
976, 1000

Assuming fire and obstacle can have no gap (V2 in dark)
985, 984

